3.8999999999999972E-005
6.9999999999991944E-006
4.9999999999997963E-006
6.0000000000007964E-006
5.9999999999999290E-006
7.0000000000000617E-006
7.9999999999993271E-006
9.0000000000003272E-006
7.0000000000000617E-006
8.0000000000001945E-006
1.8999999999999920E-005
1.0999999999999725E-005
1.1999999999999858E-005
1.4000000000000123E-005
1.5000000000000256E-005
2.4000000000000583E-005
2.0000000000000052E-005
1.7999999999999787E-005
2.0000000000000052E-005
2.8999999999999512E-005
2.5999999999999981E-005
3.0000000000000512E-005
3.8999999999999972E-005
3.6999999999999707E-005
4.2000000000000370E-005
5.9000000000000025E-005
5.0000000000000565E-005
6.4999999999999954E-005
6.4000000000000688E-005
7.5999999999999679E-005
1.1800000000000005E-004
1.1099999999999999E-004
1.5999999999999955E-004
9.9999999999999395E-005
1.6999999999999654E-005
1.8999999999999920E-005
1.8999999999999920E-005
2.2000000000000318E-005
2.3000000000000451E-005
2.4999999999999849E-005
2.7000000000000114E-005
2.7000000000000114E-005
3.1999999999999910E-005
3.3000000000000043E-005
3.5000000000000309E-005
3.7999999999999839E-005
4.0999999999999370E-005
4.3999999999999768E-005
4.6000000000000034E-005
4.2999999999999636E-005
4.9000000000000432E-005
5.7999999999999892E-005
7.7999999999999944E-005
5.5999999999999626E-005
8.7000000000000272E-005
6.8999999999999617E-005
7.7000000000000679E-005
6.9999999999999750E-005
1.0600000000000019E-004
8.2000000000000475E-005
8.3999999999999873E-005
8.3999999999999873E-005
9.2000000000000068E-005
9.5000000000000466E-005
1.0199999999999966E-004
1.0799999999999959E-004
1.0500000000000093E-004
1.0500000000000093E-004
1.2100000000000131E-004
1.2199999999999885E-004
1.3400000000000044E-004
1.3499999999999970E-004
1.4699999999999956E-004
1.4600000000000030E-004
1.6300000000000169E-004
1.5899999999999942E-004
1.9500000000000073E-004
2.3899999999999963E-004
2.9999999999999992E-004
2.8899999999999933E-004
1.9500000000000073E-004
2.1099999999999938E-004
3.3400000000000096E-004
3.3799999999999976E-004
3.3900000000000076E-004
3.6600000000000001E-004
4.0600000000000011E-004
3.8299999999999966E-004
4.5100000000000001E-004
3.9199999999999999E-004
3.0900000000000025E-004
3.5699999999999968E-004
2.8899999999999933E-004
4.1400000000000117E-004
4.0600000000000011E-004
3.8099999999999939E-004
4.4299999999999895E-004
3.1199999999999978E-004
3.2899999999999943E-004
4.2500000000000177E-004
4.6600000000000114E-004
3.4999999999999962E-004
3.6800000000000027E-004
3.5599999999999868E-004
3.9399999999999852E-004
3.8099999999999939E-004
4.2400000000000077E-004
4.0400000000000158E-004
4.4100000000000042E-004
4.2799999999999783E-004
4.6799999999999967E-004
4.5200000000000101E-004
4.9400000000000138E-004
4.5699999999999907E-004
5.2499999999999769E-004
8.7500000000000078E-004
5.8499999999999872E-004
5.5400000000000241E-004
5.9999999999999984E-004
6.0600000000000237E-004
6.2600000000000156E-004
7.1900000000000089E-004
6.7100000000000146E-004
6.5099999999999880E-004
7.3999999999999760E-004
6.4600000000000074E-004
6.9600000000000217E-004
6.9499999999999423E-004
7.4599999999999667E-004
6.8299999999999611E-004
7.6700000000000379E-004
7.1399999999999936E-004
8.0200000000000410E-004
7.5399999999999773E-004
8.2899999999999641E-004
7.8799999999999704E-004
8.6600000000000565E-004
8.7500000000000078E-004
9.2499999999999527E-004
8.7399999999999978E-004
9.6700000000000258E-004
9.1099999999999515E-004
1.0080000000000019E-003
9.4500000000000139E-004
1.0410000000000003E-003
9.7599999999999770E-004
1.0910000000000017E-003
1.0370000000000032E-003
1.0980000000000018E-003
1.1060000000000028E-003
1.1480000000000032E-003
1.0829999999999937E-003
1.2269999999999989E-003
1.1719999999999994E-003
1.3019999999999976E-003
1.2049999999999977E-003
1.3550000000000090E-003
1.2879999999999975E-003
1.4210000000000056E-003
1.3549999999999951E-003
1.4679999999999971E-003
1.3370000000000049E-003
1.5000000000000013E-003
1.4320000000000027E-003
1.6190000000000093E-003
1.4809999999999962E-003
1.6190000000000093E-003
1.7189999999999983E-003
1.6989999999999922E-003
1.5890000000000071E-003
1.7849999999999949E-003
1.6420000000000046E-003
1.8040000000000000E-003
1.6800000000000009E-003
1.8910000000000038E-003
1.7479999999999996E-003
1.9359999999999933E-003
1.7940000000000039E-003
1.9570000000000004E-003
1.8719999999999987E-003
2.0410000000000011E-003
1.9300000000000012E-003
2.1069999999999978E-003
1.9809999999999967E-003
2.1930000000000005E-003
2.0499999999999963E-003
2.2509999999999891E-003
2.1450000000000080E-003
2.3530000000000217E-003
2.2230000000000028E-003
2.4239999999999817E-003
2.2300000000000098E-003
2.5260000000000005E-003
2.3229999999999917E-003
2.4959999999999982E-003
2.3720000000000130E-003
2.6329999999999965E-003
2.4470000000000047E-003
2.7240000000000042E-003
2.5290000000000035E-003
2.8219999999999912E-003
2.6700000000000057E-003
2.9150000000000009E-003
2.7560000000000084E-003
3.0260000000000009E-003
2.8349999999999764E-003
3.1140000000000057E-003
2.8809999999999947E-003
3.2529999999999781E-003
2.9399999999999982E-003
3.2290000000000096E-003
3.0239999999999989E-003
3.3569999999999989E-003
3.1319999999999959E-003
3.4649999999999959E-003
3.1869999999999954E-003
3.5690000000000166E-003
3.3040000000000014E-003
3.6329999999999973E-003
3.4009999999999874E-003
3.7840000000000096E-003
3.5429999999999906E-003
3.8259999999999961E-003
3.5519999999999996E-003
3.9719999999999756E-003
3.6489999999999856E-003
4.0719999999999923E-003
3.7650000000000183E-003
4.1010000000000213E-003
3.9079999999999671E-003
4.2940000000000200E-003
3.9480000000000071E-003
4.4139999999999735E-003
4.1340000000000265E-003
4.6050000000000257E-003
4.2320000000000135E-003
4.6569999999999667E-003
4.3650000000000078E-003
4.7740000000000005E-003
4.3649999999999523E-003
4.9130000000000007E-003
4.5100000000000140E-003
5.0299999999999789E-003
4.5939999999999870E-003
5.1050000000000262E-003
4.8140000000000405E-003
5.7760000000000034E-003
4.8370000000000357E-003
5.4359999999999964E-003
5.0410000000000177E-003
5.5670000000000441E-003
5.1460000000000394E-003
5.6670000000000331E-003
5.3710000000000147E-003
5.7499999999999774E-003
5.4009999999999891E-003
6.0439999999999938E-003
5.4390000000000271E-003
6.0479999999999978E-003
5.6039999999999979E-003
6.2250000000000361E-003
5.7499999999999774E-003
6.3779999999999948E-003
5.7810000000000361E-003
6.5470000000000250E-003
5.9730000000000061E-003
6.6350000000000020E-003
6.1629999999999741E-003
6.8429999999999880E-003
6.3420000000000143E-003
7.5320000000000387E-003
6.4239999999999853E-003
7.2039999999999882E-003
6.5339999999999288E-003
7.2470000000000034E-003
6.6720000000000113E-003
7.3660000000000947E-003
6.8460000000000187E-003
7.6550000000000784E-003
6.8810000000000260E-003
7.7310000000000434E-003
7.2419999999999707E-003
8.0400000000000471E-003
7.3369999999999269E-003
8.1560000000000521E-003
7.5419999999999376E-003
8.9010000000000478E-003
7.5990000000000224E-003
8.4759999999999280E-003
7.7479999999999771E-003
8.6349999999999483E-003
7.9320000000000501E-003
8.8610000000000078E-003
8.1890000000000018E-003
8.9939999999999465E-003
8.3990000000000453E-003
9.3350000000000932E-003
8.5259999999999225E-003
9.3779999999999974E-003
8.6349999999999483E-003
9.5999999999999419E-003
8.8740000000000485E-003
9.7930000000000517E-003
8.9040000000000230E-003
1.0002999999999984E-002
9.1489999999999627E-003
1.0116000000000014E-002
9.6420000000000394E-003
1.0318000000000049E-002
9.5229999999999482E-003
1.0529000000000011E-002
9.5570000000000377E-003
1.0777000000000037E-002
1.0016999999999943E-002
1.1039000000000021E-002
1.0106999999999977E-002
1.1166000000000009E-002
1.0338999999999987E-002
1.1343999999999910E-002
1.0279999999999956E-002
1.1636999999999897E-002
1.0628000000000082E-002
1.1842999999999937E-002
1.0822000000000109E-002
1.2059000000000042E-002
1.1263000000000023E-002
1.2278999999999929E-002
1.1099999999999888E-002
1.2662999999999869E-002
1.2054999999999927E-002
1.2773999999999841E-002
1.1717999999999895E-002
1.2971000000000066E-002
1.1978999999999962E-002
1.3187999999999978E-002
1.2005999999999961E-002
1.3456000000000135E-002
1.2295000000000167E-002
1.3697000000000070E-002
1.2485999999999997E-002
1.3946000000000014E-002
1.2816999999999856E-002
1.4128000000000140E-002
1.3171999999999962E-002
1.4494000000000007E-002
1.3354000000000088E-002
1.4736000000000082E-002
1.3544999999999918E-002
1.4889000000000152E-002
1.3790999999999887E-002
1.5326999999999869E-002
1.3857000000000008E-002
1.5983999999999998E-002
1.4132000000000033E-002
1.5663999999999900E-002
1.4354999999999896E-002
1.6007999999999800E-002
1.4694000000000207E-002
1.6575999999999924E-002
1.4689999999999870E-002
1.6472000000000042E-002
1.5204999999999913E-002
1.6862000000000155E-002
1.5417999999999932E-002
1.7058000000000018E-002
1.5975000000000072E-002
1.8178999999999945E-002
1.5929000000000082E-002
1.8027999999999933E-002
1.6374000000000111E-002
1.8178000000000027E-002
1.6653999999999947E-002
1.8227999999999911E-002
1.6892000000000129E-002
1.9178999999999835E-002
1.6914000000000096E-002
1.9460000000000033E-002
1.7389999999999795E-002
1.9189000000000123E-002
1.7576999999999954E-002
1.9479000000000024E-002
1.8214999999999870E-002
2.0073999999999925E-002
1.7738999999999949E-002
2.0420000000000105E-002
1.8674999999999997E-002
2.0620999999999778E-002
1.8983999999999668E-002
2.1101000000000258E-002
1.9451000000000107E-002
2.1302999999999628E-002
1.9092000000000553E-002
2.1962999999999955E-002
1.9868000000000219E-002
2.2000000000000242E-002
1.9896999999999831E-002
2.2149999999999892E-002
2.0314999999999639E-002
2.2433000000000369E-002
2.0334000000000074E-002
2.2829999999999906E-002
2.0795000000000119E-002
2.3435000000000095E-002
2.1526000000000156E-002
2.3798999999999904E-002
2.1675000000000111E-002
2.4194000000000049E-002
2.1618000000000137E-002
2.4785999999999753E-002
2.2451999999999916E-002
2.4427000000000199E-002
2.2480999999999973E-002
2.4947000000000052E-002
2.4157000000000206E-002
2.5563000000000002E-002
2.2970000000000379E-002
2.5927999999999951E-002
2.3625000000000007E-002
2.5993999999999851E-002
2.3608000000000295E-002
2.6421000000000028E-002
2.4138000000000215E-002
2.6731000000000282E-002
2.4058000000000135E-002
2.7198000000000278E-002
2.5117999999999974E-002
2.7867000000000086E-002
2.5666999999999884E-002
2.8405999999999487E-002
2.5990000000000180E-002
2.8454999999999675E-002
2.5551000000000101E-002
2.8652999999999818E-002
2.6162000000000241E-002
2.8969000000000023E-002
2.6904000000000039E-002
2.9422999999999977E-002
2.6958999999999733E-002
2.9722999999999722E-002
2.6857000000000131E-002
3.0574999999999797E-002
2.7922999999999920E-002
3.0409000000000130E-002
2.8034000000000336E-002
3.1746000000000052E-002
2.8636000000000106E-002
3.2027999999999945E-002
2.8376000000000179E-002
3.3220000000000027E-002
2.9244999999999965E-002
3.2720999999999556E-002
3.0320000000000125E-002
3.2769000000000048E-002
3.0102999999999991E-002
3.3738999999999741E-002
2.9824000000000073E-002
3.4535999999999678E-002
3.1007000000000229E-002
3.4174999999999844E-002
3.1842999999999844E-002
3.5180000000000433E-002
3.2004999999999839E-002
3.5495000000000054E-002
3.2433999999999408E-002
3.7185000000000024E-002
3.2399999999999984E-002
3.6603000000000385E-002
3.3375999999999628E-002
3.6826000000000469E-002
3.3729000000000120E-002
3.7307999999999453E-002
3.3649999999999736E-002
3.8344000000000378E-002
3.5461999999999883E-002
3.8254000000000232E-002
3.4781999999999869E-002
4.0378999999999721E-002
3.5630000000000273E-002
4.0828999999999560E-002
3.5153000000000212E-002
4.0367999999999959E-002
3.7649000000000044E-002
4.1955999999999882E-002
3.7607000000000390E-002
4.0505999999999709E-002
3.8267000000000273E-002
4.2567000000000021E-002
3.8577000000000083E-002
4.2243000000000031E-002
3.8679000000000130E-002
4.3944999999999901E-002
4.0358000000000338E-002
4.5231999999999495E-002
4.1927000000000270E-002
4.4754000000000183E-002
4.1733999999999938E-002
4.6911999999999843E-002
4.1958000000000162E-002
4.6440999999999732E-002
4.2807999999999957E-002
4.7938999999999510E-002
4.3492000000000530E-002
4.6318000000000303E-002
4.4005999999999545E-002
4.8754999999999882E-002
4.3168000000000539E-002
4.9351999999999840E-002
4.5617999999999270E-002
4.8942000000000263E-002
4.5799999999999841E-002
5.1254999999999384E-002
4.6636000000000344E-002
5.0295000000000201E-002
4.7560999999999964E-002
5.1731999999999445E-002
6.4238999999999713E-002
5.7513999999999399E-002
8.4913000000000238E-002
5.6885999999999548E-002
5.0097000000000058E-002
5.4344000000000392E-002
5.1175999999999888E-002
5.5547999999999931E-002
4.9871999999999694E-002
6.0522999999999882E-002
5.2567000000000697E-002
5.9425000000000949E-002
5.1858999999999433E-002
5.6974000000000302E-002
5.2979999999999805E-002
5.8184999999999931E-002
5.9139000000000053E-002
5.8313000000000059E-002
5.5416000000000132E-002
6.5132000000000190E-002
5.5569999999999453E-002
6.3258999999999510E-002
6.5189999999999415E-002
6.1522999999999328E-002
5.8138999999999719E-002
6.2292999999999488E-002
5.7364999999999888E-002
6.7062999999999207E-002
5.8569000000000315E-002
6.6227999999998843E-002
5.8637000000000938E-002
6.6167000000000087E-002
5.8589999999998810E-002
6.4665000000001527E-002
5.9889999999999333E-002
7.6244999999998342E-002
6.0004000000001056E-002
6.7107000000000028E-002
6.1710999999998961E-002
6.7955999999998795E-002
6.2540000000000262E-002
7.3570000000000135E-002
6.8608999999998588E-002
7.2345999999999577E-002
6.5075000000000216E-002
6.9008999999999432E-002
6.8443000000000254E-002
7.2971000000000785E-002
6.8087999999999482E-002
7.8096999999999639E-002
6.8210999999999800E-002
7.3630999999998892E-002
7.0833999999999619E-002
7.2318000000000993E-002
6.9551000000000585E-002
7.5959999999998473E-002
7.3255999999998878E-002
7.9311999999999827E-002
7.1546999999998917E-002
7.6259000000000299E-002
7.0358999999999838E-002
7.9027999999999210E-002
8.1864999999998744E-002
7.7234000000000691E-002
7.3376000000001440E-002
7.9050000000000509E-002
7.5096000000000274E-002
8.5169999999999746E-002
7.4577000000001448E-002
8.1265999999999394E-002
7.8842999999999108E-002
8.3311999999999387E-002
7.9841000000000051E-002
8.2439000000000817E-002
7.8625000000000611E-002
8.9022999999999186E-002
7.9382999999999981E-002
8.8974999999999582E-002
7.8996000000000066E-002
8.5986000000000118E-002
8.5138999999999854E-002
8.9833999999999747E-002
8.1473000000000795E-002
9.0925000000000367E-002
8.1250000000000711E-002
8.8459000000000287E-002
9.2981999999999232E-002
9.2515999999999821E-002
8.4611000000000658E-002
9.0650999999999371E-002
9.1642000000000223E-002
9.7677000000000902E-002
8.7773000000000323E-002
9.2688000000000770E-002
9.2814999999999870E-002
9.6358999999999639E-002
8.9147000000000531E-002
0.10073200000000071
9.4980000000001397E-002
9.9997000000000114E-002
9.2782999999998950E-002
9.9140000000000228E-002
0.10183400000000020
0.10249699999999962
9.2905000000000015E-002
0.10142600000000002
0.10657400000000017
0.10460899999999995
9.5912000000000219E-002
0.10386600000000001
0.10141800000000067
0.11020800000000008
9.6645999999999788E-002
0.10758100000000148
0.10440600000000089
0.10732299999999917
0.10467200000000076
0.11256000000000022
0.10699699999999979
0.11119600000000140
0.10588900000000123
0.11896199999999979
0.10746599999999873
0.11388100000000279
0.10527199999999937
0.13474900000000289
0.11092000000000013
0.11478800000000078
0.11396300000000181
0.12057100000000176
0.11229099999999903
0.12315399999999954
0.10945499999999697
0.12429900000000060
0.11538499999999985
0.12482800000000083
0.11453799999999958
0.12608799999999931
0.12155000000000271
0.12322299999999942
0.11490799999999979
0.13422499999999715
0.11808499999999711
0.12664700000000195
0.12225800000000220
0.13159200000000126
0.12170800000000170
0.13404600000000144
0.12051600000000207
0.13653799999999805
0.12950800000000129
0.13359099999999913
0.12283899999999903
0.14309500000000241
0.12915299999999874
0.13526999999999845
0.13517200000000074
0.13833800000000096
0.12927899999999681
0.14124899999999840
0.13535100000000000
0.13974600000000237
0.13864099999999979
0.14701900000000023
0.13395199999999718
0.14744400000000013
0.13671700000000087
0.15292700000000181
0.13736199999999954
0.14705299999999966
0.14780000000000015
0.15436199999999900
0.14220600000000161
0.15704600000000113
0.14416900000000155
0.15535200000000060
0.14080900000000085
0.15972000000000008
0.14856599999999887
0.15660499999999900
0.14849500000000049
0.15936500000000109
0.14817100000000138
0.16452900000000170
0.14864000000000033
0.16107999999999834
0.15837799999999902
0.16426200000000080
0.15537600000000040
0.16653399999999863
0.15609299999999848
0.16442400000000035
0.15582700000000216
0.16967700000000008
0.15520700000000076
0.17528599999999983
0.15727000000000046
0.16961399999999927
0.16666299999999978
0.17135100000000136
0.16381800000000268
0.17718999999999951
0.16864900000000205
0.17477200000000082
0.16635699999999787
0.18210899999999697
0.16540200000000027
0.18623799999999946
0.16528900000000135
0.18269000000000091
0.17253900000000044
0.18443600000000160
0.16989099999999979
0.19042699999999968
0.17786399999999958
0.18715699999999913
0.18503899999999973
0.18969399999999936
0.18527300000000224
0.19856700000000060
0.19078400000000073
0.19900399999999863
0.22324899999999914
0.21651999999999916
0.23078099999999679
0.21044299999999794
0.18230899999999650
0.20101299999999611
0.18753600000000148
0.20035800000000137
0.19269299999999845
0.20731900000000536
0.19687100000000157
0.21062700000000234
0.19026699999999863
0.24843700000000268
0.18894300000000186
0.21571700000000504
0.19950700000000410
0.21449900000000355
0.19470399999999444
0.21574200000000587
0.19996100000000183
0.22305599999999970
0.19648400000000521
0.21220399999999984
0.20192800000000233
0.21265600000000262
0.20305499999999910
0.21533900000000017
0.21135100000000051
0.22339500000000356
0.21260499999999638
0.24123199999999656
0.21408999999999878
0.23245399999999705
0.21414299999999997
0.22138100000000094
0.20865399999999568
0.22849099999999822
0.25611599999999868
0.22677899999999340
0.21194899999999706
0.23078900000000147
0.24828400000000528
0.23154400000000663
0.21607500000000357
0.23156700000000541
0.21628199999999964
0.25260600000000011
0.24365099999999984
0.26941999999999666
0.23450100000000162
0.27839000000000169
0.25384999999999991
0.23856800000000078
0.22096700000000169
0.24091600000000568
0.22620199999999357
0.24235800000000296
0.22610099999999989
0.24779600000000102
0.24244600000000105
0.25942500000000024
0.23898400000000208
0.25596399999999875
0.23909100000000194
0.25099399999999861
0.23362399999999894
0.25971900000000403
0.24571399999999954
0.25562399999999741
0.23815400000000153
0.27012500000000017
0.24825599999999781
0.25795999999999708
0.24094200000000399
0.26879600000000181
0.25766500000000292
0.26459400000000244
0.24692300000000245
0.26936099999999641
0.25544399999999712
0.27412499999999795
0.25828200000000123
0.26987400000000150
0.25324300000000477
0.27086399999999600
0.25246400000000335
0.27309300000000292
0.25795899999999961
0.27546699999999902
0.25749900000000281
0.27773200000000031
0.26085300000000444
0.27926400000000484
0.26080900000000184
0.28237199999999518
0.27400399999999792
0.28444499999999806
0.26500699999999711
0.28531100000000009
0.26996700000000118
0.29061499999999540
0.26615699999999975
0.29216100000000012
0.28185399999999561
0.29279500000000525
0.27746299999999735
0.29992099999999766
0.28086800000000522
0.29740499999999770
0.27787899999999865
0.30012799999999373
0.28130999999999773
0.30060900000000146
0.28307499999999663
0.30237499999999784
0.28566999999999609
0.30490100000000098
0.28359499999999827
0.30691999999999808
0.29260500000000178
0.31189200000000028
0.29060199999999980
0.31321599999999705
0.29691400000000101
0.31611500000000348
0.29446000000000083
0.31909300000000229
0.29942600000000397
0.32384899999999561
0.29964800000000480
0.32326600000000383
0.30867800000000045
0.32476499999999930
0.30128299999999797
0.32578900000000033
0.31325100000000816
0.33606299999999578
0.31207700000000216
0.33551799999999332
0.31483599999999967
0.33412300000000528
0.31593800000000272
0.34036600000000305
0.32514199999999960
0.34955800000000181
0.32136100000001022
0.34185899999999947
0.32212899999998967
0.35035000000000593
0.32565600000000927
0.34760499999998729
0.33044500000001165
0.34810799999999631
0.32602500000000134
0.35231100000000026
0.33155299999999954
0.35851700000000619
0.33641800000000899
0.38758700000001056
0.34593700000000638
0.36001199999999756
0.33597899999999470
0.36749500000000523
0.34817300000000273
0.36858000000000857
0.33768799999999999
0.36749999999999261
0.34919700000000375
0.37004899999999452
0.34423700000000679
0.37361100000001102
0.35125999999999635
0.37476100000000656
0.35331299999999999
0.37702500000000327
0.35579699999999548
0.38240499999999145
0.35425299999999993
0.38584999999999070
0.36143100000001027
0.40435800000000199
0.37106199999999490
0.39192699999999547
0.37006499999999676
0.40078300000000411
0.42541699999999594
0.39586400000000310
0.37195099999999570
0.39764099999999303
0.37272699999999759
0.40093299999999488
0.38174699999999007
0.40975999999999146
0.37540599999999813
0.40716500000000622
0.38225699999999563
0.40965500000000077
0.37577600000000189
0.41328400000000443
0.40166499999999417
0.41371200000000385
0.38570399999998983
0.41615500000000338
0.39282699999999693
0.42158000000000584
0.43845000000000312
0.42189399999999466
0.43394100000000435
0.42940200000001028
0.39782300000000248
0.43138100000000179
0.40358500000000674
0.43001700000000653
0.39736800000000017
0.43496399999999369
0.41356399999999383
0.43917800000001250
0.40982900000000200
0.44012200000000234
0.41363599999999678
0.44691699999999912
0.41559700000000532
0.44764200000000187
0.42313199999999540
0.45034599999999614
0.41543200000000979
0.45667299999999500
0.42631099999999833
0.45332500000000664
0.41798699999999656
0.46108199999999044
0.43477699999999686
0.46563199999999938
0.42838499999999158
0.46258899999999414
0.44630599999999276
0.46683600000000069
0.43878200000000334
0.47531899999999894
0.45155099999999493
0.47297100000000114
0.43843499999999835
0.47743400000000236
0.44726999999998895
0.47934700000000419
0.43966499999999087
0.48439600000000382
0.47135600000000011
0.48670699999999556
0.44942799999999750
0.48857600000000900
0.46371100000000354
0.49437100000000100
0.46877700000000289
0.52533599999999581
0.47113900000000797
0.49605499999999836
0.46055200000000696
0.51122499999999604
0.47266000000000474
0.51200699999999699
0.46137400000000639
