1.0000000000000243E-006
1.0000000000000243E-006
1.0000000000000243E-006
1.0000000000000243E-006
1.0000000000000243E-006
9.9999999999991589E-007
1.9999999999999402E-006
2.0000000000000486E-006
2.0000000000000486E-006
2.0000000000000486E-006
2.9999999999999645E-006
4.0000000000000972E-006
3.9999999999998804E-006
5.0000000000000131E-006
5.9999999999999290E-006
6.9999999999998449E-006
8.9999999999998935E-006
9.9999999999998094E-006
1.1999999999999858E-005
1.3999999999999907E-005
1.5000000000000039E-005
1.6999999999999871E-005
1.9999999999999836E-005
2.2000000000000101E-005
2.5999999999999981E-005
2.8999999999999946E-005
3.2000000000000127E-005
3.5000000000000092E-005
3.9000000000000189E-005
4.3000000000000069E-005
4.6999999999999950E-005
5.1000000000000047E-005
5.6999999999999976E-005
6.1999999999999989E-005
6.7000000000000002E-005
7.2999999999999931E-005
7.9000000000000077E-005
8.5000000000000223E-005
9.0999999999999935E-005
9.9000000000000130E-005
1.0800000000000002E-004
1.1499999999999965E-004
1.2299999999999985E-004
1.3100000000000004E-004
1.4100000000000007E-004
1.4800000000000013E-004
1.5899999999999985E-004
1.6899999999999988E-004
1.8199999999999987E-004
1.9200000000000033E-004
2.0600000000000002E-004
2.1499999999999991E-004
2.2799999999999990E-004
2.3900000000000050E-004
2.5300000000000062E-004
2.6800000000000001E-004
2.9199999999999973E-004
3.0100000000000005E-004
3.1700000000000044E-004
3.3100000000000056E-004
3.4599999999999995E-004
3.6100000000000021E-004
3.8100000000000026E-004
3.9599999999999965E-004
4.2100000000000123E-004
4.4099999999999868E-004
4.6999999999999993E-004
5.1700000000000010E-004
5.2699999999999969E-004
5.2199999999999989E-004
7.0899999999999956E-004
6.3099999999999962E-004
8.2499999999999934E-004
6.3299999999999988E-004
6.6300000000000039E-004
7.1099999999999983E-004
6.7799999999999805E-004
7.0399999999999976E-004
7.4199999999999960E-004
7.5899999999999926E-004
7.9600000000000157E-004
8.2600000000000035E-004
8.7200000000000125E-004
9.0300000000000102E-004
9.1800000000000215E-004
9.5100000000000046E-004
9.8200000000000023E-004
1.0660000000000010E-003
1.0599999999999984E-003
1.1009999999999978E-003
1.1540000000000022E-003
1.1730000000000004E-003
1.2050000000000012E-003
1.2439999999999951E-003
1.2829999999999994E-003
1.3200000000000017E-003
1.3720000000000052E-003
1.4209999999999987E-003
1.4540000000000039E-003
1.5009999999999954E-003
1.5399999999999997E-003
1.5879999999999991E-003
1.6410000000000036E-003
1.6719999999999999E-003
1.7399999999999985E-003
1.7860000000000029E-003
1.8330000000000013E-003
1.8789999999999987E-003
1.9310000000000022E-003
1.9899999999999987E-003
2.0369999999999971E-003
2.0949999999999996E-003
2.1629999999999983E-003
2.2190000000000126E-003
2.2749999999999992E-003
2.3330000000000017E-003
2.3989999999999984E-003
2.4600000000000039E-003
2.5060000000000082E-003
2.5649999999999978E-003
2.6499999999999996E-003
2.7150000000000091E-003
2.7739999999999987E-003
2.8419999999999973E-003
2.9030000000000028E-003
2.9809999999999975E-003
3.0459999999999932E-003
3.1189999999999968E-003
3.2070000000000015E-003
3.2890000000000003E-003
3.3529999999999949E-003
3.4340000000000065E-003
3.5029999999999922E-003
3.5869999999999930E-003
3.6559999999999926E-003
3.7280000000000091E-003
3.8370000000000071E-003
3.9240000000000108E-003
3.9929999999999966E-003
4.0900000000000103E-003
4.1609999999999980E-003
4.2629999999999890E-003
4.3330000000000035E-003
4.4280000000000153E-003
4.5450000000000212E-003
4.6520000000000172E-003
4.7290000000000110E-003
4.8269999999999980E-003
4.9150000000000027E-003
5.0189999999999957E-003
5.1049999999999984E-003
5.1940000000000042E-003
5.3350000000000064E-003
5.4440000000000044E-003
5.5270000000000041E-003
5.6319999999999981E-003
5.7349999999999901E-003
5.8459999999999901E-003
5.9469999999999801E-003
6.0730000000000228E-003
6.2079999999999913E-003
6.3399999999999568E-003
6.4349999999999685E-003
6.5760000000000263E-003
6.7389999999999950E-003
6.8019999999999747E-003
6.9049999999999945E-003
7.0070000000000410E-003
7.1779999999999622E-003
7.2899999999999632E-003
7.4130000000000029E-003
7.5370000000000159E-003
7.6829999999999954E-003
7.7949999999999964E-003
7.9219999999999846E-003
8.0850000000000088E-003
8.2500000000000351E-003
8.3940000000000126E-003
8.5109999999999908E-003
8.6609999999999743E-003
8.7860000000000160E-003
8.9409999999999767E-003
9.1390000000000082E-003
9.2349999999999932E-003
9.4060000000000255E-003
9.5350000000000157E-003
9.6810000000000507E-003
9.8590000000000066E-003
9.9899999999999989E-003
1.0140000000000038E-002
1.0294999999999943E-002
1.0467000000000004E-002
1.0674999999999990E-002
1.0850999999999944E-002
1.1143000000000014E-002
1.1216000000000004E-002
1.1340000000000017E-002
1.1516000000000082E-002
1.1654999999999971E-002
1.1803999999999926E-002
1.2051999999999952E-002
1.2205000000000021E-002
1.2376000000000054E-002
1.2553000000000036E-002
1.2739000000000056E-002
1.2965999999999922E-002
1.3091000000000075E-002
1.3297000000000003E-002
1.3537000000000021E-002
1.3749999999999929E-002
1.3942000000000010E-002
1.4145999999999992E-002
1.4313000000000020E-002
1.4521999999999924E-002
1.4691000000000010E-002
1.4858000000000038E-002
1.5159999999999951E-002
1.5328999999999926E-002
1.5535999999999994E-002
1.5750999999999959E-002
1.5954000000000024E-002
1.6185000000000005E-002
1.6355999999999926E-002
1.6599000000000030E-002
1.6908000000000034E-002
1.7154000000000003E-002
1.7358999999999902E-002
1.7592000000000052E-002
1.7770999999999981E-002
1.8024000000000040E-002
1.8221000000000043E-002
1.8618000000000023E-002
2.0124999999999948E-002
1.9178000000000139E-002
1.9257000000000080E-002
1.9457999999999975E-002
1.9661999999999846E-002
1.9909000000000177E-002
2.0901999999999976E-002
2.0599000000000034E-002
2.0912000000000042E-002
2.1198999999999968E-002
2.1487999999999952E-002
2.1728999999999887E-002
2.2127999999999926E-002
2.2331000000000101E-002
2.2717000000000098E-002
2.2769999999999957E-002
2.3152999999999757E-002
2.3288000000000197E-002
2.3587000000000025E-002
2.3648000000000113E-002
2.4366999999999805E-002
2.4202999999999975E-002
2.4447000000000108E-002
2.8067999999999760E-002
2.5125999999999982E-002
2.5476000000000054E-002
2.5703999999999949E-002
2.6035999999999948E-002
2.6278999999999941E-002
2.6639999999999997E-002
2.6869999999999727E-002
2.7097000000000149E-002
2.7563000000000004E-002
2.7834000000000136E-002
2.8106000000000186E-002
2.8448999999999725E-002
2.8723999999999750E-002
2.9069000000000234E-002
2.9341000000000061E-002
2.9746999999999968E-002
3.0162000000000244E-002
3.0424000000000007E-002
3.0807000000000251E-002
3.1174000000000035E-002
3.1425000000000036E-002
3.1829999999999803E-002
3.2178999999999736E-002
3.2327999999999690E-002
3.2846000000000153E-002
3.3209000000000266E-002
3.3606000000000247E-002
3.3847999999999878E-002
3.4173000000000009E-002
3.5131999999999941E-002
3.4898999999999791E-002
3.5316000000000347E-002
3.5724999999999785E-002
3.6208999999999936E-002
3.6459999999999937E-002
3.6884000000000139E-002
3.7231000000000236E-002
3.7618999999999847E-002
3.7930999999999937E-002
3.8205000000000044E-002
3.8763999999999577E-002
4.0938999999999837E-002
4.0728000000000097E-002
3.9944000000000202E-002
4.2256000000000071E-002
4.1377999999999915E-002
4.1796000000000166E-002
4.1907000000000139E-002
4.2788999999999966E-002
4.2480999999999991E-002
4.2807000000000262E-002
4.3598999999999943E-002
4.3658999999999892E-002
4.5583000000000151E-002
4.5807000000000375E-002
4.4808999999999877E-002
4.5586999999999822E-002
4.5835999999999988E-002
4.6259000000000050E-002
4.6794999999999920E-002
4.7144000000000297E-002
4.7675000000000356E-002
4.7968000000000011E-002
4.9236999999999753E-002
4.9742999999999871E-002
5.0099999999999589E-002
5.0171999999999883E-002
5.0396999999999359E-002
5.0767999999999702E-002
5.1324000000000147E-002
5.1650999999999669E-002
5.2103000000000677E-002
5.3410000000000402E-002
5.3183999999999898E-002
5.4482000000000141E-002
5.4265000000000008E-002
5.4585999999999579E-002
5.5234000000000449E-002
5.5596000000000423E-002
5.5983000000000338E-002
5.6674000000000113E-002
5.7113000000000191E-002
5.7686999999999600E-002
5.8244000000000185E-002
6.2117999999999896E-002
5.9288999999999703E-002
5.9637000000000384E-002
6.0893999999999338E-002
6.1984999999999957E-002
6.4662000000000219E-002
6.2837000000000032E-002
6.4071000000000211E-002
6.3864999999999839E-002
6.4440999999999526E-002
6.3927000000000511E-002
6.4490000000000158E-002
6.5157000000000131E-002
6.5617000000000480E-002
6.6202000000000538E-002
6.9614999999999760E-002
6.7334000000000671E-002
7.1870999999999796E-002
7.0507000000000097E-002
7.0300000000000473E-002
7.0121000000000322E-002
7.0219999999999949E-002
7.1855000000000224E-002
7.1246999999999616E-002
7.1870999999999796E-002
7.2528000000000148E-002
7.3002999999999929E-002
7.3536999999999964E-002
7.4481000000000464E-002
7.5117000000000544E-002
7.5720999999999705E-002
7.6217999999999897E-002
7.7779000000000487E-002
8.0391999999999797E-002
7.9474000000000267E-002
8.0276999999999710E-002
7.9375999999999891E-002
8.0128000000000199E-002
8.0593999999999610E-002
8.4605999999999959E-002
8.2187000000000232E-002
8.2544000000000395E-002
8.2932999999998813E-002
8.5495999999999128E-002
8.4876999999998759E-002
8.6515000000000342E-002
8.6007999999999640E-002
8.7821999999999178E-002
8.7209000000001424E-002
8.8557999999999026E-002
8.8559999999999306E-002
8.9362999999998749E-002
8.9987999999999957E-002
9.1034999999999755E-002
9.1186999999999685E-002
9.2602000000001183E-002
9.3037000000000702E-002
9.3155999999998684E-002
9.4934000000000296E-002
9.4609999999999417E-002
9.6057000000000059E-002
9.7882000000000247E-002
0.10141400000000012
9.7989999999999355E-002
9.8485000000000156E-002
9.9323999999999302E-002
9.9960999999998634E-002
0.10109100000000026
0.10285199999999861
0.10305499999999945
0.10278600000000004
0.10343699999999956
0.10414399999999979
0.10507200000000161
0.10566400000000087
0.10759400000000063
0.10944600000000015
0.10942099999999932
0.10902000000000100
0.11005199999999959
0.11068000000000033
0.11163499999999971
0.11214999999999975
0.11259800000000020
0.11395500000000069
0.11559500000000078
0.12677599999999956
0.11653800000000025
0.11709200000000131
0.11814900000000073
0.11833700000000036
0.11985300000000088
0.12054299999999962
0.12489700000000070
0.12389800000000051
0.12890400000000035
0.12482299999999924
0.13085099999999983
0.12573100000000004
0.13126699999999936
0.12783099999999870
0.12962200000000124
0.13230300000000028
0.13046700000000122
0.13157600000000080
0.13235900000000100
0.13278500000000015
0.13384800000000041
0.13518000000000008
0.13967799999999997
0.13612200000000030
0.13998199999999983
0.13822299999999998
0.14423400000000086
0.13989100000000221
0.14546999999999954
0.14310199999999895
0.14615699999999876
0.14459000000000088
0.14563899999999919
0.14539299999999855
0.16564799999999735
0.15155299999999983
0.15124099999999885
0.20071599999999989
0.16228100000000012
0.15314799999999806
0.15768699999999924
0.15549100000000138
0.16215899999999905
0.15594399999999808
0.15898500000000126
0.15771300000000110
0.15975299999999848
0.15945800000000077
0.16698399999999936
0.17381800000000069
0.16848299999999838
0.16926399999999830
0.20345200000000219
0.17156699999999958
0.18549099999999896
0.16870100000000221
0.18194400000000144
0.17002100000000198
0.18909599999999926
0.17589399999999955
0.18472699999999875
0.17532699999999934
0.19213099999999983
0.17659999999999698
0.19226000000000099
0.18185599999999980
0.19812800000000053
0.18524199999999880
0.20055299999999932
0.19179099999999849
0.20321600000000117
0.19244699999999781
0.20265900000000059
0.19398399999999683
0.21488899999999944
0.19817899999999966
0.20783000000000129
0.20155500000000259
0.21447100000000319
0.19831100000000035
0.21534399999999820
0.20048699999999897
0.22083299999999895
0.20207199999999759
0.37550900000000098
0.20326299999999975
0.22328199999999754
0.21509500000000159
0.22441800000000001
0.21521500000000060
0.27167899999999889
0.23999000000000237
0.24850899999999854
0.22818600000000089
0.23559200000000047
0.23070099999999982
0.23547900000000155
0.24055200000000099
0.25554600000000249
0.23859200000000058
0.24313599999999980
0.24245800000000273
0.24672699999999992
0.23986099999999766
0.24687899999999985
0.26691899999999791
0.25973600000000374
0.25283100000000047
0.25211200000000389
0.25596699999999828
0.31113899999999717
0.26953599999999511
0.26100900000000138
0.29845300000000208
0.28831900000000132
0.27626300000000015
0.26655600000000135
0.27706200000000081
0.27609799999999751
0.29080600000000345
0.27213100000000168
0.29269500000000193
0.28011999999999659
0.29957400000000689
0.27749699999999677
0.29518999999999807
0.29359599999999375
0.30061400000000305
0.29034000000000049
0.31006999999999607
0.30080799999999641
0.31295599999999979
0.31911499999999648
0.34745200000000409
0.33416900000000282
0.34692000000000434
0.30940100000000115
0.33153700000000441
0.33116600000000318
0.35204800000000347
0.31490200000000357
0.35176700000000238
0.33914500000000203
0.36258699999999777
0.33210899999999555
0.37057999999999680
0.33197100000000290
0.35539200000000193
0.32741399999999743
0.36053300000000377
0.35406199999999899
0.36198300000000216
0.33515500000000031
0.36835599999999857
0.35309900000000027
0.37189800000000162
0.34704299999999932
0.37521500000000430
0.36320500000000067
0.38689600000000013
0.34992400000000146
0.38551800000000469
0.37419700000000233
0.39404799999999796
0.36806200000000189
0.41589300000000406
0.40931900000000354
0.42318600000000117
0.36877199999999988
0.41566699999999912
0.39422700000000077
0.42291799999999569
0.37737100000000368
0.42719400000000007
0.40210600000000341
0.43110199999999566
0.39002800000000093
0.42407599999999945
0.41862200000000627
0.43288100000000185
0.39890300000000423
0.45182299999999742
0.44003099999999762
0.46763800000000089
0.40958800000000650
0.46047300000000035
0.43041200000000401
0.46307499999999635
0.41519200000000467
0.56537600000000054
0.44887700000000308
0.47132700000000227
0.43323399999999879
0.48294399999999627
0.46041900000000169
0.48609100000000183
0.44566199999999867
0.49117700000000752
0.47246799999999212
0.48952500000000043
0.44452900000000284
0.50171100000000024
0.47549599999999259
0.50526599999999178
0.45940700000001300
0.51078900000000260
0.48256599999999139
0.52887599999999679
0.46476300000000492
0.52437200000001383
0.49937800000000721
0.52889499999999146
0.50398400000000265
0.53544800000000237
0.51030799999999488
0.54049100000000294
0.48399899999999718
0.55194699999999841
0.51766499999999382
0.55812599999998724
0.49036199999999042
0.56537600000000054
0.52931200000000445
0.56974200000000508
0.50078200000000095
0.57394900000001314
0.54432699999999556
0.59105800000000386
0.54607199999999523
0.59063399999999433
0.55239899999999409
0.59868600000000072
0.52514800000000150
0.60276700000000005
0.56906099999999071
0.61101299999999981
0.52862999999999261
0.61989100000000974
0.57647799999999449
0.62754499999999780
0.54871599999999887
0.62893300000000352
0.59369399999999928
0.64094300000000715
0.58248799999999790
0.64656499999999539
0.59817700000000684
0.65491099999999847
0.57068600000000913
0.65994500000000755
0.61119999999999663
0.66803099999999915
0.56857300000000066
0.67924400000001128
0.62076000000000420
0.68131100000000799
0.58947000000000571
0.69185399999999220
0.63052500000000578
0.72781700000000171
0.62882399999999450
0.71096900000000574
0.64594400000000007
0.71802700000000641
0.61792300000000466
0.73177099999999484
0.65827500000000327
0.72819400000000201
0.61340900000000431
0.73351099999999292
0.66972700000000884
0.73886700000001326
0.63660899999999288
0.80238599999999849
0.68316500000000246
0.79194800000000498
0.66829200000000810
0.75756200000000717
0.69097999999999615
0.76410600000001239
0.66487100000000510
0.78115400000000079
0.73162599999999145
0.78476899999999716
0.66577599999999393
0.78770000000000095
0.71590100000000234
0.79165299999999661
0.68661699999999826
0.80225000000000080
0.73649399999999332
0.81324299999999994
0.70251700000000028
0.81614599999998916
0.74035800000000052
0.82147199999999998
0.71223500000000683
0.84099299999999744
0.75446399999998448
0.83130400000001714
0.70288300000001414
0.84382500000000960
0.77132199999999784
0.84741200000001982
0.72506799999999316
0.86384499999999775
0.77388999999999442
0.86059099999999944
0.75940499999998679
0.87430500000002098
0.78624000000002070
0.87503200000000447
0.75848099999998908
0.88863699999998857
0.79804999999998927
0.88955200000000900
0.76196000000001618
0.89686199999999872
0.81224100000000021
0.91700000000000159
0.77694600000000946
0.90985799999998562
0.82442499999999086
0.92944900000000530
0.81317099999998277
0.92605600000001687
0.84467300000000023
0.93031999999999471
0.80660700000001384
0.95480900000001157
0.85713999999998691
0.95291700000001356
0.81521399999999744
0.97606500000000551
0.86826699999997459
0.98783599999998728
0.85179600000000733
0.99603600000000370
0.88866099999998482
0.99461600000000772
1.2878099999999790
0.99122600000001171
0.88352800000001253
0.99546900000001415
0.85119499999998993
1.0199240000000032
0.90899899999999434
1.0393870000000049
0.87730700000000184
1.0403279999999882
0.93172800000002098
1.0461999999999989
0.93657600000000230
1.0680450000000121
0.94551999999998770
1.0667119999999954
0.92618600000000129
1.0712529999999845
0.95950699999997369
1.1275510000000111
0.92051299999999969
1.1161529999999971
0.99216699999999491
1.1753220000000226
0.92819599999998559
1.1266029999999887
1.0000050000000158
1.1382069999999942
0.96854100000001608
1.1493559999999832
1.0162390000000130
1.1492090000000132
1.0174420000000168
1.1448800000000006
1.0374439999999936
1.1514370000000156
0.98080699999999865
1.1601709999999912
1.0320369999999741
1.1669290000000103
0.98405400000001464
1.2041190000000199
1.0552909999999827
1.1907520000000034
1.0145510000000115
1.2098179999999843
1.0698199999999929
1.2184389999999894
1.0489370000000235
1.2257979999999975
1.0831489999999917
1.2673059999999907
1.0433120000000145
1.2456490000000144
1.1038580000000024
1.2545780000000093
1.0504800000000216
1.2666080000000193
1.1218460000000050
1.2710540000000208
1.0842530000000181
1.3074609999999893
1.1439330000000041
1.2998079999999845
1.1904910000000086
1.3165359999999851
1.1645600000000229
1.3248179999999934
1.1253590000000031
1.3307570000000055
1.1757910000000038
1.3459479999999928
1.1211830000000020
1.3622600000000205
1.1949800000000153
1.3741129999999941
1.1427970000000016
1.3680380000000127
1.2142080000000135
1.3852169999999830
1.2019779999999969
1.4290540000000078
1.2322110000000066
1.4402100000000360
1.1927619999999592
1.4148270000000025
1.2446919999999864
1.4227729999999497
1.2063049999999862
1.4486679999999978
1.2712769999999978
1.4606150000000184
1.2270720000000210
1.5090800000000399
1.2998519999999871
1.4852409999999736
1.3145389999999679
1.4854559999999992
1.3078020000000379
1.4941289999999867
1.2763159999999516
1.5104430000000093
1.3346769999999992
1.5330260000000067
1.2699599999999691
1.5333539999999743
1.3527179999999817
1.5608150000000478
1.3153739999999630
1.5583990000000085
1.3974000000000046
1.5657950000000369
1.3443819999999960
1.5753799999999956
1.3872300000000450
1.6569880000000126
1.4005159999999819
1.5971660000000156
1.4553569999999922
1.6457260000000247
1.3610830000000078
1.6251010000000292
1.4334809999999720
1.6564859999999726
1.3940460000000030
1.7587530000000129
1.4990460000000212
1.6810820000000035
1.6473990000000072
1.7197480000000382
1.7024509999999964
1.6968030000000454
1.4249580000000037
1.6999480000000062
1.4944570000000112
1.7400210000000129
1.4508820000000355
1.8048670000000016
1.6078979999999774
1.8259830000000079
1.4794850000000110
1.7739569999999958
1.5735700000000179
1.8088070000000016
1.5281970000000342
1.8163049999999998
1.5711420000000089
1.8356380000000172
1.5471699999999942
1.8070560000000455
1.6163660000000277
1.8319829999999797
1.5170340000000238
1.8475090000000023
1.6229299999999967
1.8773510000000329
1.5619079999999599
1.8627470000000130
1.6346819999999980
1.8696550000000229
1.6499420000000100
1.9497739999999908
1.6918479999999931
1.9197769999999537
1.6145720000000097
1.9193880000000263
1.6899949999999535
1.9703150000000278
1.6189539999999738
1.9739299999999957
1.7232569999999896
1.9947450000000231
1.6943509999999833
2.0426579999999603
1.7486890000000130
2.1104709999999614
1.7671090000000049
2.1026019999999903
1.7697130000000243
2.0873970000000099
1.7614929999999731
2.1356989999999882
1.7923930000000041
2.1587670000000116
1.7404499999999530
2.1464420000000359
1.8002220000000193
2.1608659999999986
1.8055029999999874
2.2604729999999904
1.8306279999999902
2.1406220000000076
1.8816560000000209
2.0936439999999834
1.8197260000000028
2.1150089999999864
1.8112580000000094
2.1537129999999820
1.8510520000000383
2.1894210000000385
1.8012840000000097
2.2202320000000100
1.8875740000000292
2.3182909999999879
1.8854979999999841
2.2932099999999878
1.8773510000000329
2.2619399999999814
1.9984969999999862
2.2485059999999635
1.9128489999999942
2.2377060000000029
1.8893360000000143
2.2959160000000338
1.9208100000000172
2.3129979999999932
1.9844410000000039
2.5349249999999870
2.2013220000000047
2.3513590000000022
1.9275470000000041
2.3805659999999875
2.0158030000000053
2.3515130000000113
2.0142010000000141
2.3481540000000223
2.0112409999999841
2.5082660000000487
2.0236350000000130
2.4826439999999366
2.0552900000000136
2.4389669999999342
2.2285679999999957
