1.0000000000000243E-006
1.0000000000000243E-006
1.0000000000000243E-006
1.0000000000000243E-006
1.0000000000000243E-006
9.9999999999991589E-007
1.0000000000000243E-006
1.0000000000000243E-006
1.0000000000000243E-006
1.0000000000000243E-006
2.0000000000000486E-006
1.9999999999999402E-006
2.0000000000000486E-006
3.0000000000000729E-006
3.9999999999999888E-006
4.0000000000000972E-006
3.9999999999999888E-006
5.0000000000000131E-006
6.0000000000000374E-006
6.0000000000000374E-006
8.0000000000000860E-006
7.9999999999999776E-006
9.0000000000000019E-006
1.0999999999999942E-005
1.1999999999999966E-005
1.8000000000000004E-005
1.4999999999999931E-005
1.5999999999999955E-005
1.8000000000000004E-005
2.0000000000000052E-005
2.2000000000000101E-005
2.5000000000000066E-005
2.5999999999999981E-005
2.8000000000000030E-005
3.0999999999999995E-005
3.3999999999999959E-005
3.6000000000000008E-005
3.9999999999999888E-005
5.6999999999999976E-005
4.5999999999999817E-005
4.6999999999999950E-005
5.1999999999999963E-005
5.4999999999999927E-005
5.7999999999999892E-005
6.2999999999999905E-005
6.8000000000000135E-005
7.2999999999999931E-005
7.6999999999999812E-005
7.9000000000000077E-005
8.5000000000000006E-005
9.5000000000000032E-005
1.0700000000000032E-004
1.4400000000000003E-004
1.2800000000000008E-004
1.1699999999999992E-004
1.2000000000000031E-004
1.2599999999999981E-004
1.3299999999999987E-004
1.4300000000000033E-004
1.5100000000000009E-004
1.6299999999999995E-004
1.7499999999999981E-004
1.9100000000000020E-004
2.0099999999999979E-004
1.9399999999999973E-004
2.0500000000000032E-004
2.1899999999999958E-004
2.2799999999999990E-004
2.4300000000000016E-004
2.5600000000000015E-004
3.3199999999999983E-004
3.2300000000000037E-004
3.7400000000000020E-004
3.7300000000000007E-004
3.7699999999999973E-004
3.6400000000000061E-004
3.7199999999999907E-004
4.4499999999999922E-004
3.8999999999999972E-004
4.7100000000000093E-004
4.9599999999999991E-004
4.9999999999999871E-004
5.3899999999999955E-004
5.9200000000000051E-004
6.2100000000000002E-004
4.5999999999999860E-004
4.7699999999999999E-004
5.0099999999999971E-004
5.0600000000000124E-004
5.3300000000000049E-004
5.5399999999999894E-004
5.6900000000000006E-004
5.8000000000000065E-004
6.0499999999999790E-004
6.7500000000000199E-004
9.2300000000000021E-004
7.2699999999999848E-004
7.2300000000000142E-004
7.8899999999999804E-004
8.4000000000000047E-004
7.8800000000000051E-004
7.8699999999999951E-004
7.9699999999999910E-004
8.2700000000000135E-004
8.2899999999999988E-004
8.5700000000000012E-004
8.9399999999999896E-004
9.0599999999999709E-004
9.3000000000000027E-004
9.6200000000000105E-004
1.0140000000000010E-003
1.0659999999999975E-003
1.0379999999999973E-003
1.0729999999999976E-003
1.1270000000000030E-003
1.1209999999999970E-003
1.1559999999999973E-003
1.2150000000000008E-003
1.2100000000000027E-003
1.2500000000000011E-003
1.2710000000000013E-003
1.3049999999999937E-003
1.3449999999999990E-003
1.3709999999999972E-003
1.3940000000000063E-003
1.4640000000000000E-003
1.5249999999999986E-003
1.5300000000000036E-003
1.5449999999999978E-003
1.5899999999999942E-003
1.6320000000000015E-003
1.6620000000000038E-003
1.7030000000000031E-003
1.7529999999999907E-003
1.7830000000000068E-003
1.8439999999999984E-003
1.8709999999999977E-003
1.9209999999999922E-003
1.9460000000000033E-003
1.9990000000000008E-003
2.0389999999999991E-003
2.0990000000000036E-003
2.1380000000000010E-003
2.2069999999999868E-003
2.1989999999999926E-003
2.2339999999999999E-003
2.3089999999999916E-003
2.3469999999999880E-003
2.4559999999999998E-003
2.4539999999999978E-003
2.4950000000000111E-003
2.5789999999999980E-003
2.5870000000000060E-003
2.6919999999999999E-003
2.7560000000000084E-003
2.7510000000000034E-003
2.8210000000000041E-003
2.8699999999999976E-003
2.9519999999999963E-003
3.0389999999999862E-003
3.0690000000000162E-003
3.0589999999999784E-003
3.2100000000000184E-003
3.2840000000000091E-003
3.7429999999999963E-003
3.3680000000000099E-003
3.4339999999999926E-003
3.5339999999999816E-003
3.5319999999999796E-003
3.6009999999999931E-003
3.6920000000000008E-003
3.7769999999999748E-003
3.7850000000000106E-003
3.8989999999999858E-003
3.9609999999999923E-003
4.1360000000000008E-003
4.0159999999999918E-003
4.1509999999999880E-003
4.2399999999999938E-003
4.2899999999999883E-003
4.3420000000000125E-003
4.4119999999999993E-003
4.4809999999999850E-003
4.7020000000000117E-003
4.6350000000000002E-003
4.7039999999999860E-003
4.7790000000000055E-003
4.8580000000000012E-003
4.8760000000000192E-003
4.9869999999999914E-003
5.1209999999999867E-003
5.2159999999999984E-003
5.2040000000000419E-003
5.3259999999999974E-003
5.4800000000000404E-003
5.5310000000000081E-003
5.5310000000000081E-003
5.6819999999999649E-003
5.8239999999999958E-003
5.9099999999999708E-003
5.9379999999999988E-003
6.0409999999999631E-003
6.1510000000000176E-003
6.1880000000000268E-003
6.3090000000000090E-003
6.4300000000000468E-003
6.5039999999999543E-003
6.8129999999999580E-003
6.6229999999999900E-003
6.7170000000000285E-003
6.9649999999999990E-003
6.9890000000000230E-003
7.0709999999999940E-003
7.1360000000000312E-003
7.2389999999999954E-003
7.5829999999999509E-003
7.8449999999999909E-003
7.6109999999999789E-003
7.7139999999999986E-003
7.8000000000000291E-003
7.8739999999999921E-003
8.0120000000000191E-003
8.1149999999999833E-003
8.3239999999999981E-003
8.2539999999999836E-003
8.4109999999999463E-003
8.6070000000000313E-003
8.6699999999999555E-003
8.8040000000000340E-003
8.8550000000000573E-003
8.9859999999999385E-003
9.1949999999999532E-003
9.2209999999999237E-003
9.3960000000000710E-003
9.5239999999999769E-003
9.5629999999999882E-003
9.6639999999998949E-003
9.8570000000000046E-003
9.9879999999999969E-003
1.0177999999999909E-002
1.0198999999999958E-002
1.0284999999999989E-002
1.0521000000000003E-002
1.0642000000000040E-002
1.0766000000000053E-002
1.0805999999999982E-002
1.1394000000000015E-002
1.1484000000000050E-002
1.1237999999999970E-002
1.1379999999999946E-002
1.1572000000000027E-002
1.1655000000000082E-002
1.1780000000000013E-002
1.1958000000000024E-002
1.2040999999999968E-002
1.2179999999999969E-002
1.2158999999999920E-002
1.2288000000000077E-002
1.2576000000000032E-002
1.2700000000000045E-002
1.2829000000000090E-002
1.2848999999999999E-002
1.2921999999999989E-002
1.3360000000000039E-002
1.3306999999999958E-002
1.3495000000000035E-002
1.3720000000000065E-002
1.3789999999999969E-002
1.3875999999999999E-002
1.4280000000000070E-002
1.4313000000000020E-002
1.4593000000000078E-002
1.4850999999999948E-002
1.5077000000000007E-002
1.5311000000000075E-002
1.5422999999999965E-002
1.5590999999999910E-002
1.5748000000000095E-002
1.6035999999999939E-002
1.6124000000000027E-002
1.5881999999999952E-002
1.6080000000000094E-002
1.6391999999999962E-002
1.6251000000000015E-002
1.6467000000000009E-002
1.6796000000000033E-002
1.7031999999999936E-002
1.7724000000000073E-002
1.7269999999999897E-002
1.7386000000000124E-002
1.7763999999999891E-002
1.7970000000000041E-002
1.8083999999999989E-002
1.8135000000000012E-002
1.9042999999999921E-002
1.9014000000000086E-002
1.8699999999999939E-002
1.9004000000000021E-002
1.9252000000000047E-002
2.1178000000000141E-002
2.0172999999999996E-002
1.9779999999999909E-002
2.0088999999999801E-002
2.2722000000000131E-002
2.1442000000000183E-002
2.0463000000000120E-002
2.0996999999999932E-002
2.0960999999999785E-002
2.2513999999999923E-002
2.1317999999999948E-002
2.1452999999999944E-002
2.2335999999999911E-002
2.2285999999999806E-002
2.2591999999999945E-002
2.2874999999999979E-002
2.3109999999999964E-002
2.3303999999999991E-002
2.3461000000000176E-002
2.3769000000000151E-002
2.3954999999999949E-002
2.3600000000000287E-002
2.3791000000000118E-002
2.4246000000000212E-002
2.4353000000000069E-002
2.4608000000000185E-002
2.4690000000000101E-002
2.5596000000000174E-002
2.6785000000000281E-002
2.7324000000000126E-002
2.6975000000000193E-002
2.7600000000000069E-002
3.3061999999999703E-002
3.3384000000000302E-002
2.8866000000000280E-002
2.8765999999999625E-002
2.9271000000000047E-002
2.7807000000000137E-002
2.7949000000000002E-002
2.8172000000000086E-002
2.8272999999999548E-002
2.8527000000000413E-002
2.8624000000000205E-002
2.8665000000000163E-002
2.9529999999999834E-002
2.9863000000000195E-002
3.0279999999999863E-002
3.0537999999999954E-002
3.0726000000000031E-002
3.1104999999999716E-002
3.1250000000000000E-002
3.1683999999999823E-002
3.1533999999999729E-002
3.1261999999999901E-002
3.1620000000000203E-002
3.2437999999999967E-002
3.2265999999999906E-002
3.2667000000000002E-002
3.2836999999999783E-002
3.3014000000000099E-002
3.4055000000000391E-002
3.4490000000000354E-002
3.4353999999999996E-002
3.4571000000000129E-002
3.4788000000000263E-002
3.4695999999999838E-002
3.5255999999999954E-002
3.5960000000000214E-002
3.6383999999999972E-002
3.6672000000000260E-002
3.6146000000000011E-002
3.7033000000000094E-002
3.7188999999999695E-002
3.7274999999999725E-002
3.7321000000000382E-002
3.7538000000000515E-002
3.8569999999999993E-002
3.8232000000000266E-002
3.8719000000000392E-002
3.9241999999999777E-002
3.9206999999999770E-002
4.7661999999999871E-002
4.7560999999999964E-002
4.3931999999999860E-002
4.5707000000000164E-002
4.4636000000000564E-002
4.2443999999999704E-002
4.2041000000000217E-002
4.4985000000000497E-002
5.3231999999999502E-002
4.6203999999999468E-002
5.7020999999999766E-002
5.0356999999999985E-002
4.6406000000000169E-002
4.6440999999999732E-002
4.7343000000000579E-002
4.7075999999999674E-002
5.0766999999999562E-002
4.7670000000000101E-002
4.7214000000000311E-002
4.8328000000000593E-002
5.8544000000000374E-002
5.3418999999999883E-002
4.8427000000000220E-002
4.8991000000000007E-002
5.0146999999999942E-002
4.9741000000000035E-002
5.0963999999999565E-002
5.1842999999999861E-002
5.1128000000000284E-002
5.2122000000000668E-002
5.2229999999999777E-002
5.1982999999999890E-002
5.3077000000000041E-002
5.3071000000000090E-002
5.5117000000000083E-002
5.4110000000000547E-002
5.4603000000000179E-002
5.4825000000000124E-002
5.6941000000000130E-002
5.5343999999999838E-002
5.6186999999999543E-002
5.5678999999999590E-002
5.6318999999999342E-002
5.7380999999999460E-002
5.7985000000000397E-002
5.7394000000000389E-002
5.8710999999999736E-002
5.7870000000000310E-002
5.8447000000000138E-002
5.9116999999999642E-002
5.9566000000000230E-002
6.0637999999999970E-002
5.9541000000000288E-002
6.1250000000000249E-002
6.1597000000000790E-002
6.2286999999999537E-002
6.2172000000000338E-002
6.1672999999999867E-002
6.5354000000000134E-002
6.8023999999999418E-002
6.7795000000000272E-002
6.9024999999999892E-002
6.6353000000000328E-002
6.4741000000000604E-002
6.4465000000000217E-002
6.6041999999999490E-002
6.6483999999999988E-002
6.7774000000000001E-002
6.6856000000000471E-002
6.8570999999999493E-002
7.4586000000000041E-002
7.1685999999999694E-002
7.2683999999998861E-002
7.9446000000000794E-002
7.2264000000000550E-002
7.1994000000000113E-002
7.1400999999999826E-002
7.2008999999999546E-002
7.3653000000000191E-002
7.5978000000000989E-002
8.0667000000000044E-002
7.4752999999999403E-002
7.6294000000000750E-002
8.0493999999999843E-002
8.8875999999999067E-002
7.8600999999999033E-002
7.6249999999999929E-002
7.7424999999999855E-002
7.7569000000000443E-002
7.7460000000000306E-002
7.7989999999999782E-002
7.9302000000000206E-002
7.9038000000000608E-002
8.1930999999999088E-002
8.0374000000000834E-002
7.9416000000000153E-002
8.2532000000000494E-002
9.0240999999998905E-002
8.5841999999999530E-002
8.7294999999999234E-002
8.3162999999998988E-002
8.4181000000000950E-002
8.4201999999999444E-002
8.8063999999999254E-002
8.7671000000000276E-002
8.4830000000000183E-002
8.4939000000000320E-002
8.7799000000000404E-002
8.6368000000000222E-002
9.1972000000000165E-002
8.8624000000001146E-002
8.7592000000000780E-002
8.7913000000000352E-002
9.2594000000000065E-002
9.0340999999998672E-002
9.1480999999999923E-002
9.0693999999999164E-002
9.0659999999999741E-002
9.2551000000000272E-002
9.2750000000000554E-002
9.3086000000001334E-002
9.3574999999999520E-002
9.4895000000001062E-002
9.9548999999999666E-002
9.5919000000000310E-002
9.6000000000000085E-002
9.6580000000001220E-002
9.6394000000000091E-002
9.7040000000001569E-002
9.8715000000000330E-002
9.9808999999998704E-002
0.10293599999999969
0.10142199999999946
0.10140600000000077
0.10175900000000127
0.10324400000000011
0.10280300000000153
0.10282600000000031
0.10347000000000151
0.10561099999999968
0.10768299999999975
0.10659199999999913
0.10651499999999992
0.10792700000000011
0.10781900000000100
0.10833700000000057
0.10962600000000045
0.11085600000000007
0.11370300000000100
0.11125000000000007
0.11289499999999997
0.11287699999999923
0.11372899999999930
0.11269300000000015
0.11384999999999934
0.11862200000000023
0.11475399999999958
0.11565600000000131
0.11756300000000053
0.11818799999999996
0.12459300000000084
0.13324899999999928
0.11927199999999871
0.12237199999999859
0.11881199999999836
0.12045299999999770
0.12147800000000331
0.12304299999999913
0.12281700000000129
0.12272099999999853
0.12758099999999928
0.12733699999999715
0.12757799999999975
0.12952100000000044
0.12965499999999963
0.12874499999999856
0.13229600000000019
0.12960999999999956
0.13154800000000222
0.13391200000000225
0.13219899999999996
0.13456899999999905
0.13635700000000028
0.14138399999999862
0.13669599999999704
0.13619699999999924
0.13689399999999807
0.13702100000000073
0.13552100000000067
0.14051100000000005
0.13946799999999726
0.13896699999999740
0.14151500000000183
0.14299000000000106
0.14279000000000153
0.14647199999999927
0.14498899999999892
0.14623599999999826
0.14715199999999840
0.14929699999999713
0.14717899999999773
0.15296400000000077
0.14808700000000030
0.15440399999999954
0.15012600000000020
0.15190899999999985
0.15251299999999901
0.15454000000000079
0.15462700000000140
0.15676599999999752
0.15492800000000173
0.15496500000000069
0.15803299999999965
0.15661599999999964
0.16275200000000112
0.17010199999999998
0.18189900000000137
0.15701699999999974
0.19978400000000107
0.20235699999999923
0.16264499999999771
0.16212099999999907
0.16421499999999867
0.16355199999999925
0.16548499999999677
0.17117000000000004
0.16954300000000089
0.18082800000000177
0.21519199999999827
0.18646299999999982
0.17359300000000033
0.17295400000000072
0.18970099999999945
0.18551099999999821
0.18752699999999933
0.18082599999999971
0.19257500000000149
0.17415899999999951
0.17784799999999734
0.17348600000000047
0.19691599999999809
0.19597999999999871
0.17945100000000025
0.17772900000000291
0.17921499999999924
0.17959199999999953
0.18007599999999968
0.18019900000000177
0.18181799999999981
0.18275499999999667
0.18345700000000065
0.18374199999999874
0.18399300000000096
0.18583200000000133
0.18838799999999978
0.18670699999999840
0.18841700000000117
0.18860799999999855
0.19044399999999939
0.19009400000000198
0.20831100000000191
0.21865999999999985
0.20346099999999723
0.19445799999999736
0.19793899999999809
0.21223600000000431
0.21181800000000095
0.20199800000000323
0.21585800000000432
0.21613300000000635
0.20157099999999417
0.20120099999999752
0.20329600000000170
0.20364899999999864
0.20999000000000478
0.20459299999999558
0.20523399999999725
0.20969399999999894
0.20895199999999647
0.20936000000000377
0.21037400000000162
0.21025600000000111
0.21260500000000349
0.21356600000000014
0.21304699999999599
0.21537000000000006
0.21654000000000195
0.23437699999999495
0.24032599999999604
0.22772300000000456
0.24187299999999823
0.22771499999999634
0.22172300000000433
0.22280399999999645
0.22413300000000191
0.22451000000000221
0.22690000000000055
0.22562399999999627
0.22825600000000179
0.22817400000000276
0.22906100000000151
0.23097800000000035
0.23161499999999791
0.23162499999999397
0.23387300000000266
0.23465699999999856
0.23599099999999851
0.23593100000000078
0.23712900000000303
0.24052400000000063
0.24074699999999893
0.25368900000000139
0.25557200000000080
0.25539599999999751
0.27140800000000098
0.24683500000000436
0.24478500000000025
0.24840700000000027
0.24831900000000218
0.24873099999999937
0.25067800000000062
0.25126199999999699
0.25252900000000267
0.25191200000000435
0.25365599999999944
0.25778600000000296
0.28367000000000075
0.27623200000000026
0.25957100000000111
0.25917900000000316
0.26113800000000253
0.26127100000000070
0.29081000000000046
0.27477499999999822
0.26541799999999682
0.26602699999999402
0.26931500000000597
0.26732200000000006
0.26955699999999894
0.26990599999999887
0.27186999999999983
0.27293300000000187
0.27434300000000178
0.27559999999999718
0.27643600000000390
0.27700699999999756
0.27898199999999918
0.28003199999999850
0.27690700000000135
0.27906800000000231
0.28248399999999663
0.28408200000000505
0.29647599999999841
0.30912500000000165
0.28663199999999733
0.28769900000000348
0.30658999999999992
0.28861700000000212
0.31664299999999912
0.30868199999999746
0.29618900000000536
0.29419399999999740
0.29252599999999518
0.30068900000000554
0.30078699999999969
0.29834699999999970
0.29985100000000386
0.29948699999999917
0.30502500000000055
0.30662600000000140
0.30798300000000012
0.31137700000000024
0.30722000000000094
0.30684699999999765
0.31042699999999712
0.31058400000000574
0.31157400000000024
0.31147599999999898
0.31757700000000000
0.31883699999999493
0.31956699999999927
0.32208599999999876
0.32516200000000595
0.32210699999998837
0.32569599999999355
0.32525200000000609
0.32851300000000094
0.32612400000000719
0.32891700000000412
0.33242500000000064
0.33380499999999813
0.33236699999999075
0.33602999999999383
0.33890499999999690
0.33935400000000016
0.33974200000000110
0.34022900000000789
0.34149999999999636
0.34398600000000101
0.34221999999999753
0.34843099999999083
0.34544000000001063
0.35500100000000145
0.35074600000000089
0.34982800000000225
0.35320600000000013
0.36198100000000011
0.38685600000000875
0.35843899999998996
0.35877500000000850
0.36073399999999367
0.36080700000000832
0.36026199999999164
0.36424100000000692
0.36691700000000083
0.36582999999998833
0.36919600000000230
0.36776500000000567
0.37072200000000066
0.37103299999999706
0.38420700000000352
0.39430199999999616
0.37756699999999910
0.39308300000000429
0.39330600000000970
0.37991099999999278
0.38159100000000024
0.38446899999999573
0.38143000000000882
0.38636900000000196
0.38960000000000150
0.38678600000000074
0.39244899999999916
0.39127100000000326
0.39398399999998901
0.39493799999999624
0.39439099999999883
0.40707199999999943
0.41989599999999427
0.39921699999999305
0.40384899999999391
0.40301099999999224
0.40859100000000126
0.40766299999999944
0.40588699999999278
0.41115999999999531
0.41230999999999085
0.41458099999999831
0.41589999999999350
0.41385099999999397
0.41744500000000073
0.41461499999999774
0.41833900000000313
0.42188000000000159
0.42558199999999147
0.44838500000000181
0.42846500000000276
0.45373299999999972
0.43455099999999902
0.43032300000000134
0.43302500000000066
0.43420599999998899
0.43762300000000209
0.44422900000000709
0.43978500000000054
0.44025200000000098
0.44511599999999873
0.44170599999999638
0.44576399999999694
0.44786800000001392
0.45266499999999610
0.45216700000000287
0.45944200000000990
0.45188699999999926
0.45671399999999096
0.45950900000001127
0.48362099999999941
0.46279799999999227
0.46314300000000230
0.46129700000000184
0.46591600000000710
0.46294899999999473
0.46803099999999631
0.46700699999999529
0.46904999999999575
0.47399699999999712
0.47580800000000067
0.47505400000000009
0.47746300000000019
0.50190500000000782
0.48861700000000496
0.48171400000001086
0.48494599999999366
0.48801199999999767
0.48955200000000332
0.48831599999999753
0.54311199999999360
0.49545100000000275
0.49796200000000113
0.49636999999999887
0.49675300000001243
0.50524399999999048
0.50392800000000193
0.50140899999999533
0.50408000000000186
0.50396700000000294
0.50798399999999333
0.51121100000000297
0.50959699999999941
0.51693500000000370
0.51964399999999955
0.51335399999999254
0.54707200000000000
0.54521800000000553
0.52191899999999691
0.51989600000000280
0.52548000000000172
0.52711800000000153
0.53032600000000230
0.52755200000000002
0.53490399999999738
0.53062099999999646
0.53826300000000060
0.53697100000000830
0.53951699999998937
0.54234799999998984
0.54607800000000850
0.54294900000000723
0.54652399999999091
0.55285700000001725
0.55407299999998827
0.55210099999999329
0.55324600000000146
0.55619800000002328
0.57052200000001108
0.56503800000001547
0.56579899999999839
0.56480799999999931
0.56716700000001197
0.56980300000000739
0.56752800000001002
0.58984699999999179
0.60733899999999608
0.57870100000002367
0.58385800000002064
0.57926599999998984
0.63095200000000773
0.57998100000000363
0.58422899999999345
0.58705600000001823
0.60817800000000943
0.60830199999998058
0.67746800000000462
0.67153899999999567
0.63981800000001954
0.63419400000000792
0.65322199999999953
0.63983200000001261
0.69274599999999964
0.68207100000000764
0.69216000000000122
0.65075899999999365
0.64970800000000395
0.65593700000002286
0.65273700000000190
0.65563000000000216
0.65788899999998307
0.65459699999999543
0.66621399999999653
0.66293100000001459
0.66906299999999419
0.66881000000000768
0.66999500000000012
0.67414600000000746
0.69488499999999931
0.70172600000000784
0.67670099999998001
0.73635200000001078
0.74831100000000106
0.68237399999998161
0.70704899999998361
0.70834500000000844
0.69336200000000758
0.71792400000001066
0.69753300000002127
0.69213100000001759
0.69656699999998750
0.69615600000000200
0.70203599999999255
0.70408000000000470
0.70445900000001416
0.70798299999998449
0.71762499999999818
0.71220600000000900
0.71912299999999618
0.71180099999997992
0.71877000000000635
0.72072800000000825
0.72237400000000207
0.72438999999999965
0.73635100000001330
0.72562399999998206
0.73936400000002322
0.73367999999999256
0.73741400000000112
0.74618699999999194
0.74637200000000803
0.74133799999998473
0.74773500000000581
0.74411399999999617
0.75944899999998938
0.74966200000000072
0.75797399999999016
0.78837399999997615
0.76763900000000262
0.76774699999998575
0.76506399999999530
0.77182999999999424
0.77380800000000249
0.77275199999999700
