1.0000000000000243E-006
1.0000000000000243E-006
1.0000000000000243E-006
1.0000000000000243E-006
1.0000000000000243E-006
1.0000000000000243E-006
1.0000000000000243E-006
1.9999999999999402E-006
1.0000000000000243E-006
2.0000000000000486E-006
3.0000000000000729E-006
2.9999999999999645E-006
3.9999999999999888E-006
5.0000000000000131E-006
5.9999999999999290E-006
7.0000000000000617E-006
7.9999999999999776E-006
1.0000000000000026E-005
1.1999999999999966E-005
1.2999999999999991E-005
1.4999999999999931E-005
1.5999999999999955E-005
1.9000000000000028E-005
2.0999999999999968E-005
2.4999999999999957E-005
2.7999999999999813E-005
3.0999999999999995E-005
3.4000000000000176E-005
3.8000000000000056E-005
4.1999999999999937E-005
4.5999999999999817E-005
4.8999999999999998E-005
5.6000000000000060E-005
6.1000000000000073E-005
6.5999999999999870E-005
7.1000000000000099E-005
7.7000000000000028E-005
8.3999999999999873E-005
8.9000000000000103E-005
9.7000000000000081E-005
1.0599999999999976E-004
1.1500000000000008E-004
1.2299999999999985E-004
1.2999999999999991E-004
1.3800000000000010E-004
1.4700000000000000E-004
1.5500000000000019E-004
1.6700000000000005E-004
1.7899999999999991E-004
1.9300000000000003E-004
2.0799999999999985E-004
2.1399999999999978E-004
2.3199999999999957E-004
2.3499999999999997E-004
2.4899999999999922E-004
2.6800000000000001E-004
2.8100000000000000E-004
2.9999999999999992E-004
3.1199999999999978E-004
3.2600000000000077E-004
3.4799999999999935E-004
3.6999999999999967E-004
3.8200000000000039E-004
4.0999999999999977E-004
4.3699999999999902E-004
4.4100000000000042E-004
4.5500000000000054E-004
4.9100000000000012E-004
5.1799999999999936E-004
5.3700000000000102E-004
5.6900000000000006E-004
6.2300000000000029E-004
7.9199999999999930E-004
6.6200000000000113E-004
6.2800000000000009E-004
6.5400000000000007E-004
6.7800000000000152E-004
7.1299999999999836E-004
7.3099999999999901E-004
7.6700000000000032E-004
7.9800000000000010E-004
8.2700000000000135E-004
8.9099999999999943E-004
9.0499999999999955E-004
9.2400000000000121E-004
1.1360000000000016E-003
1.0179999999999981E-003
1.0170000000000005E-003
1.0609999999999994E-003
1.1290000000000015E-003
1.1680000000000024E-003
1.1719999999999994E-003
1.2030000000000027E-003
1.2499999999999942E-003
1.2780000000000014E-003
1.3189999999999938E-003
1.3780000000000042E-003
1.4489999999999989E-003
1.4979999999999993E-003
1.7099999999999962E-003
1.5609999999999999E-003
1.6410000000000036E-003
1.6349999999999976E-003
1.6779999999999989E-003
1.7359999999999945E-003
1.7860000000000029E-003
1.8339999999999954E-003
1.9260000000000041E-003
2.1669999999999953E-003
2.0459999999999992E-003
2.0669999999999994E-003
2.0979999999999957E-003
2.1609999999999963E-003
2.2220000000000018E-003
2.3159999999999986E-003
2.4119999999999975E-003
2.5779999999999970E-003
2.4910000000000071E-003
2.5179999999999925E-003
2.5659999999999988E-003
2.6479999999999976E-003
2.7739999999999987E-003
2.8639999999999916E-003
2.8839999999999977E-003
2.9139999999999999E-003
2.9829999999999995E-003
3.0400000000000010E-003
3.2519999999999910E-003
3.2500000000000029E-003
3.2969999999999944E-003
3.3579999999999999E-003
3.4349999999999936E-003
3.6189999999999972E-003
3.6220000000000141E-003
3.6640000000000006E-003
3.7310000000000121E-003
3.9450000000000041E-003
4.0390000000000148E-003
4.0039999999999798E-003
4.0910000000000113E-003
4.2719999999999980E-003
4.3399999999999828E-003
4.3509999999999938E-003
4.4319999999999915E-003
4.6829999999999927E-003
4.6899999999999997E-003
4.7320000000000140E-003
4.9119999999999997E-003
5.0270000000000037E-003
5.0240000000000007E-003
5.1610000000000267E-003
5.3090000000000082E-003
5.3399999999999836E-003
5.5059999999999831E-003
5.6699999999999806E-003
5.6559999999999944E-003
5.8470000000000188E-003
5.9770000000000101E-003
5.9599999999999931E-003
6.2269999999999825E-003
6.2889999999999890E-003
6.3880000000000048E-003
6.6280000000000228E-003
6.5689999999999915E-003
6.8850000000000300E-003
6.8460000000000187E-003
7.0000000000000062E-003
7.0979999999999932E-003
7.2379999999999667E-003
7.4919999999999987E-003
7.4210000000000109E-003
7.7559999999999851E-003
7.6760000000000161E-003
8.0060000000000131E-003
7.9440000000000066E-003
8.2360000000000211E-003
8.5310000000000108E-003
8.6459999999999870E-003
8.8469999999999938E-003
8.9000000000000190E-003
8.9629999999999987E-003
9.2349999999999932E-003
9.4440000000000079E-003
9.2639999999999945E-003
9.6009999999999707E-003
9.6180000000000154E-003
9.9119999999999764E-003
1.0053000000000034E-002
1.0058000000000067E-002
1.0391999999999957E-002
1.0388000000000064E-002
1.0641000000000012E-002
1.1012999999999940E-002
1.0935999999999946E-002
1.1176999999999992E-002
1.1380999999999974E-002
1.1539000000000077E-002
1.1566999999999994E-002
1.1922999999999906E-002
1.2019000000000002E-002
1.2287999999999966E-002
1.2383000000000033E-002
1.2607999999999953E-002
1.2816999999999967E-002
1.2897999999999965E-002
1.3063999999999965E-002
1.3357000000000063E-002
1.3607999999999953E-002
1.3761000000000023E-002
1.3974999999999960E-002
1.4114999999999989E-002
1.4322999999999975E-002
1.4459000000000000E-002
1.4750000000000041E-002
1.4974999999999961E-002
1.5120999999999940E-002
1.5400000000000080E-002
1.5614000000000017E-002
1.5803999999999929E-002
1.6019000000000005E-002
1.6195999999999988E-002
1.6457999999999973E-002
1.6615999999999964E-002
1.6952000000000078E-002
1.7157000000000089E-002
1.7444999999999933E-002
1.7490999999999923E-002
1.7932999999999977E-002
1.8120000000000136E-002
1.8459000000000003E-002
1.8607000000000040E-002
1.8800000000000150E-002
1.8971000000000071E-002
1.9278000000000128E-002
1.9455000000000000E-002
1.9937999999999789E-002
2.0449999999999857E-002
2.0882999999999985E-002
2.0742999999999956E-002
2.1068000000000087E-002
2.1289000000000113E-002
2.1222999999999992E-002
2.1600000000000064E-002
2.1757999999999944E-002
2.1930000000000005E-002
2.2358999999999796E-002
2.2612000000000076E-002
2.2721999999999909E-002
2.3320000000000007E-002
2.3389000000000104E-002
2.3984000000000005E-002
2.4019000000000013E-002
2.4243000000000237E-002
2.4569000000000063E-002
2.4817000000000089E-002
2.8181999999999929E-002
2.5591000000000141E-002
2.5768999999999931E-002
2.6010000000000089E-002
2.6380999999999766E-002
2.6554000000000189E-002
2.7012999999999732E-002
2.7149000000000090E-002
2.7468000000000048E-002
2.7880000000000127E-002
2.8356000000000048E-002
2.8388999999999998E-002
2.8918000000000443E-002
2.9076000000000324E-002
2.9610000000000358E-002
2.9720000000000191E-002
3.0187000000000186E-002
3.1846000000000263E-002
3.1434999999999658E-002
3.1335000000000335E-002
3.1688000000000383E-002
3.1769999999999854E-002
3.2255000000000145E-002
3.2525000000000137E-002
3.2808999999999866E-002
3.3259999999999845E-002
3.3617999999999704E-002
3.3885000000000165E-002
3.4386999999999723E-002
3.5331999999999919E-002
3.5297000000000356E-002
3.5409000000000024E-002
3.5886000000000084E-002
3.6240999999999524E-002
3.6611000000000171E-002
3.7266999999999939E-002
3.7446999999999786E-002
3.7816999999999990E-002
3.8128000000000384E-002
3.8658999999999999E-002
3.8724000000000203E-002
3.9590999999999710E-002
4.1555000000000231E-002
4.1352000000000277E-002
4.0619000000000405E-002
4.1026000000000007E-002
4.1536000000000239E-002
4.2053000000000118E-002
4.2051000000000283E-002
4.2939000000000060E-002
4.3083999999999900E-002
4.3654000000000082E-002
4.4058999999999848E-002
4.4423000000000101E-002
4.5682999999999918E-002
4.5716000000000090E-002
4.5946000000000264E-002
4.7120999999999746E-002
4.6723000000000070E-002
4.8372000000000082E-002
4.8132999999999981E-002
5.0733999999999835E-002
5.1029999999999909E-002
5.0211999999999701E-002
5.0039999999999196E-002
5.0702000000000247E-002
5.0500000000000433E-002
5.1959000000000088E-002
5.1676999999999751E-002
5.3088999999999942E-002
5.2553999999999768E-002
5.3970999999999769E-002
5.3316000000000585E-002
5.5795999999999957E-002
5.4883000000000237E-002
5.5196000000000467E-002
5.6148000000000309E-002
5.5992999999999959E-002
6.0253000000000334E-002
5.8904000000000067E-002
5.7527999999999579E-002
5.8823999999999543E-002
5.8880000000000265E-002
6.0210000000000541E-002
6.0599999999999987E-002
6.3400000000000567E-002
6.1065000000000147E-002
6.2939000000000078E-002
6.1729999999999841E-002
6.3811999999999536E-002
6.4733000000000374E-002
6.4886999999999695E-002
6.7771999999999721E-002
6.6950000000000287E-002
6.5744999999999720E-002
6.7511999999999794E-002
6.6467999999999527E-002
6.8956000000000017E-002
6.8952999999999598E-002
7.0126999999999384E-002
6.9172000000000011E-002
7.2043000000000745E-002
7.1731999999999907E-002
7.3209000000000302E-002
7.5762000000000107E-002
7.7463999999999977E-002
7.3138000000000147E-002
7.6668000000000625E-002
7.3842000000000851E-002
7.6977000000000295E-002
7.5931000000000637E-002
7.8268000000000448E-002
7.6457000000000441E-002
8.0152000000000001E-002
7.9050999999999760E-002
8.0926999999999971E-002
8.5577999999999932E-002
8.3198999999999579E-002
8.1444999999999546E-002
8.3568999999999782E-002
8.1481000000000137E-002
8.5228000000000748E-002
8.5299999999999265E-002
8.8706999999999425E-002
8.5138999999999854E-002
8.7286999999999892E-002
9.2482000000000397E-002
9.0002000000000137E-002
8.7773999999999575E-002
9.0833999999999193E-002
8.9589999999999392E-002
9.2745999999999995E-002
9.0216999999999103E-002
9.4618999999999787E-002
9.3856999999999857E-002
9.7070000000000434E-002
9.5012999999999792E-002
9.6178999999999348E-002
9.7094000000000236E-002
0.10164499999999954
9.6780000000000754E-002
0.10066299999999906
9.9005000000000010E-002
0.10152900000000109
0.10292600000000007
0.10506499999999974
0.10242399999999918
0.10603599999999958
0.10259800000000041
0.10865100000000005
0.10580099999999959
0.10846399999999967
0.10811700000000002
0.11386699999999905
0.10937000000000019
0.11263600000000018
0.11006700000000080
0.11722900000000003
0.11533000000000015
0.11527400000000121
0.11830000000000140
0.11887299999999890
0.11598400000000098
0.11988799999999955
0.11679299999999948
0.12079199999999979
0.12135300000000093
0.12903299999999973
0.11987399999999937
0.12488500000000080
0.12345000000000006
0.12665100000000074
0.12413699999999928
0.12837000000000032
0.13531899999999908
0.13016599999999912
0.12532999999999994
0.13249000000000066
0.13146199999999908
0.14024900000000073
0.13024799999999992
0.14776900000000026
0.13718299999999850
0.14282599999999945
0.13354400000000055
0.14151100000000127
0.13948600000000155
0.15225000000000044
0.14204800000000084
0.14595599999999997
0.14338599999999957
0.14790399999999870
0.14210099999999848
0.15752300000000119
0.14846999999999966
0.15346700000000268
0.14659099999999725
0.15746299999999991
0.15425399999999811
0.16535899999999870
0.15042299999999997
0.16173900000000074
0.15714000000000183
0.16036700000000081
0.16401700000000119
0.16457700000000131
0.16384400000000099
0.17538800000000165
0.16310300000000311
0.17707300000000004
0.17118599999999873
0.17467100000000002
0.16729500000000286
0.17839300000000335
0.18205400000000083
0.18137099999999862
0.17102600000000123
0.18521500000000302
0.18664400000000114
0.19698599999999900
0.17636099999999999
0.19108699999999956
0.18703900000000218
0.19886599999999888
0.18992000000000075
0.20234599999999858
0.19078900000000232
0.20310900000000132
0.19427499999999753
0.20966699999999960
0.19902399999999787
0.21083499999999944
0.19645299999999821
0.23664599999999680
0.20868699999999762
0.21149400000000185
0.19902900000000301
0.22633400000000137
0.20817100000000011
0.22462900000000019
0.20146399999999787
0.23706499999999764
0.21555299999999988
0.22894499999999951
0.21293199999999857
0.24574799999999897
0.21457799999999949
0.24116799999999827
0.21111100000000249
0.24221299999999957
0.21964399999999884
0.24801400000000129
0.22773899999999969
0.24761300000000119
0.22661300000000040
0.24727600000000294
0.33954100000000054
0.24973600000000218
0.22989499999999907
0.27192000000000149
0.23037100000000166
0.26078800000000157
0.24475799999999737
0.27014200000000343
0.23526999999999987
0.27030899999999747
0.25606399999999852
0.26954600000000184
0.24769699999999872
0.28652100000000047
0.26545699999999783
0.27966399999999680
0.26004900000000220
0.28528699999999674
0.27948200000000156
0.30069999999999908
0.26632700000000398
0.29673000000000371
0.28645300000000162
0.30491799999999358
0.26627299999999821
0.31940800000000280
0.28778400000000204
0.30712900000000332
0.28334100000000007
0.31951000000000107
0.29556900000000041
0.32379500000000405
0.28251799999999605
0.31666400000000294
0.30598900000000384
0.32505400000000151
0.28981199999999774
0.33700100000000077
0.31124700000000161
0.34018400000000071
0.30156599999999401
0.35467699999999525
0.32684299999999666
0.36566200000000038
0.31106199999999973
0.36775300000000044
0.33028800000000302
0.37365699999999435
0.31264900000000040
0.36729400000000112
0.35507299999999731
0.37611499999999864
0.34105799999999675
0.39501900000000489
0.34979099999999619
0.41508400000000023
0.32081600000000066
0.40728699999999662
0.35805500000000023
0.41129400000000516
0.34145800000000293
0.41396200000000505
0.36550299999999680
0.41880899999999599
0.34942699999999860
0.41565599999999847
0.38195600000000240
0.42416899999999913
0.36648400000000692
0.43434599999999790
0.39028799999999819
0.44423899999999605
0.35787499999999994
0.45281700000000313
0.39563799999999816
0.46442000000000405
0.37082099999999940
0.46390700000000606
0.40557000000000443
0.46161599999999936
0.38774200000000292
0.46418200000000098
0.41033599999999382
0.47232600000000247
0.39040999999999570
0.48136599999999419
0.42638600000000082
0.49235700000000548
0.39643399999999929
0.50699599999999378
0.43608199999999897
0.50706699999999927
0.41635099999999881
0.51098900000000214
0.45158500000000146
0.51532199999999762
0.42571099999999973
0.52040199999999714
0.46475000000000222
0.51538900000001320
0.43594000000000221
0.52482799999999941
0.46193800000000351
0.53195800000000304
0.44245600000000707
0.60049699999999007
0.46752600000000655
0.53782999999999959
0.46168500000000279
0.48339599999999905
0.44954599999999800
0.48238899999999774
0.43457000000000789
0.48534999999999684
0.45835700000000656
0.49296100000000820
0.43861599999999612
0.49879999999998859
0.47068199999999649
0.50990600000000086
0.45287499999999170
0.52098700000000520
0.48121100000000183
0.52949200000000474
0.46347100000001262
0.54936199999998792
0.53035599999999761
0.54319399999999973
0.52349100000000703
0.57456799999999930
0.50156300000000442
0.54883900000000096
0.48027899999999590
0.55471300000000667
0.51535400000000209
0.59711899999999218
0.49134599999999296
0.60873599999999328
0.52706200000000081
0.61030699999999172
0.50160499999999786
0.58871599999999091
0.58728399999999681
0.59601700000000335
0.55456999999999823
0.61939200000000483
0.55178899999999942
0.60500400000000809
0.52437799999999868
0.65640799999999899
0.58959299999999359
0.61671599999999671
0.53334599999999455
0.61761699999999564
0.57485599999999692
0.63182600000000377
0.54741199999999424
0.63715799999999945
0.58761300000000460
0.64508400000001132
0.55585499999999399
0.64955000000000496
0.59644799999999520
0.66934600000000444
0.56790399999999863
0.66157000000001176
0.60700999999998828
0.67521200000000192
0.57473000000000241
0.67470400000000552
0.62109599999999432
0.68234200000000556
0.59066599999999880
0.68805800000001227
0.63435499999999934
0.70169200000000842
0.60805100000000323
0.70864699999999914
0.66046799999999450
0.72706499999999608
0.61465099999999495
0.72122099999999989
0.65880699999999592
0.72197700000000964
0.62060900000000174
0.73436900000000094
0.66654300000000433
0.77117900000000361
0.64046999999999343
0.75064899999999568
0.68274300000000210
0.76828500000000588
0.66219300000000203
0.76260599999999101
0.72071799999999087
0.76613800000001220
0.66951499999998987
0.81013799999999492
0.70420300000000680
0.78242000000000189
0.75941499999998996
0.78090799999999660
0.71832700000000216
0.79374300000000630
0.69076400000000149
0.78932400000000769
0.71986300000000369
0.80296500000000037
0.69630300000000034
0.81110499999999774
0.73917799999998124
0.81433800000002066
0.71584300000000667
0.83762899999999263
0.76736300000001734
0.84143999999997732
0.71187800000001289
0.84168300000001750
0.78683800000001725
0.86741200000000163
0.73946899999998550
0.87585499999997296
0.77779400000000010
0.87722099999999159
0.75834699999998634
0.86725699999999506
0.78930800000000545
0.87315399999999954
0.75871300000000019
0.93021899999999391
0.82226299999999242
0.90307300000000623
0.78483699999998180
0.94210099999997965
0.81302099999999200
0.90031700000000114
0.78539600000001997
0.91142899999999827
0.82874400000000037
0.91233800000000542
0.80056700000000092
0.92460500000001389
0.84012899999999036
0.95550699999998301
0.80414599999997449
0.95793799999998441
0.85205300000001216
0.94472899999999527
0.82572200000001317
0.99335299999998483
0.86715399999999931
0.97854199999997604
0.89370700000000625
1.0651210000000049
0.88663900000000240
1.0425510000000031
1.1387280000000146
0.98326400000001968
0.88996900000000778
0.99082100000001105
0.85699099999999362
1.0034720000000164
0.90343100000001186
1.0729310000000112
0.86723599999999124
1.0277000000000100
0.93217800000002171
1.0306339999999921
0.88409099999998375
1.0498409999999865
0.93766200000001731
1.0566010000000006
0.91972499999999968
1.0616460000000245
0.95457100000001560
1.0738130000000012
0.91295800000000327
1.0896360000000129
0.96826300000000742
1.0906750000000045
0.92107899999999177
1.2891830000000084
1.0816430000000139
1.1157270000000210
0.99503999999998882
1.2891129999999862
1.0081950000000006
1.1760040000000060
1.0100189999999998
1.1359080000000006
1.0277820000000020
1.2958509999999990
1.0127509999999802
1.1581240000000150
1.0297400000000039
1.2097270000000151
0.99232699999998886
1.1849060000000122
1.0534879999999873
1.1925830000000133
1.0045470000000023
1.2142320000000097
1.0965879999999970
1.2630190000000141
1.0861370000000079
1.2541589999999871
1.3141069999999786
1.4083729999999832
1.1348130000000083
1.3873110000000111
1.3018849999999986
1.4081730000000050
1.0924510000000112
1.5439450000000079
1.3393430000000137
1.4941230000000019
1.1055189999999868
1.3159119999999973
1.1515500000000145
1.3295679999999948
1.2052549999999940
1.3557409999999948
1.2402980000000241
1.4440370000000087
1.2392569999999807
1.3611449999999934
1.3307479999999998
1.5201500000000010
1.2957769999999869
1.4867180000000246
1.6245909999999810
2.0808790000000386
1.3837869999999839
1.7373580000000288
1.3878250000000207
1.5068120000000249
1.2974399999999946
1.5377669999999739
1.3159419999999500
1.5802229999999895
1.2423909999999978
1.5024720000000116
1.3648159999999621
1.5821500000000128
1.2723459999999704
1.5816829999999982
1.4443729999999846
1.6950949999999807
1.3550339999999892
1.8333560000000375
1.5006510000000048
1.8252690000000484
1.3903730000000110
1.7508240000000228
1.5169640000000300
1.6943079999999782
1.3864849999999933
1.8449650000000020
1.6548020000000179
1.6718880000000240
1.3843990000000304
1.6275750000000357
1.4087879999999586
1.6602429999999799
1.3274210000000153
1.6302800000000275
1.4212349999999674
1.6133580000000052
1.3767040000000179
1.6109500000000025
1.4037249999999517
1.6204370000000381
1.3497610000000009
1.6138829999999871
1.4222250000000258
1.6270380000000273
1.3575359999999819
1.6393550000000232
1.4455450000000383
1.6460139999999797
1.3876200000000267
1.6529369999999517
1.4592289999999934
1.6711239999999634
1.6334009999999921
1.6713080000000105
1.4665620000000104
1.7022779999999784
1.4277199999999652
1.7150419999999826
1.5079339999999775
1.7919289999999819
1.4595500000000357
1.7986710000000130
1.5358180000000061
1.7686719999999809
1.4729839999999967
1.7970500000000129
1.5610520000000179
1.8238500000000499
1.5482690000000048
1.8122480000000110
1.5815389999999638
1.9264330000000314
1.5833579999999756
1.8666759999999840
1.6097589999999968
1.8949959999999919
1.6019130000000246
2.0666980000000308
1.6351189999999747
1.8430299999999988
1.5627719999999954
1.8913799999999696
1.6453419999999710
1.8845699999999965
1.6468409999999949
2.0266409999999837
1.7307400000000257
1.9806159999999977
1.6570120000000088
1.9632469999999671
1.7247469999999794
1.9849029999999743
1.6235020000000304
1.9581930000000511
1.7532560000000217
1.9804050000000188
1.6698930000000018
1.9914729999999849
1.7590789999999856
2.0631799999999885
1.7458599999999933
2.0765430000000151
1.7738630000000057
2.0974170000000072
1.7633270000000039
2.1404859999999530
1.8073850000000107
2.2015660000000139
1.7813840000000027
2.3303799999999910
2.0457900000000109
2.3241639999999961
1.9341390000000160
2.3298930000000269
1.9832040000000006
2.3847360000000322
2.0272989999999709
2.2692680000000109
1.9308280000000195
2.1198909999999955
1.8253330000000005
2.1477639999999951
1.8383329999999773
2.1297860000000242
1.8000490000000013
2.1744080000000281
1.8922890000000052
2.4228689999999915
1.8579460000000267
2.2032820000000015
1.9202970000000050
2.1955829999999992
1.9068519999999580
2.2713969999999790
1.9814939999999979
2.3114079999999717
1.8903750000000059
2.2888480000000300
1.9496399999999880
2.3247789999999782
1.9165449999999851
2.4215110000000095
2.1154559999999378
2.3520320000000083
1.9354440000000750
2.3575849999999718
2.0241800000000012
2.3935420000000249
2.0181340000000318
2.3600529999999935
2.0046760000000177
2.4222879999999805
1.9557270000000244
2.3871990000000096
2.0955709999999499
2.5062739999999621
2.1191250000000537
